
global_step_eval--- 1 

[[[ 0.10346286 -0.11597776]
  [-0.64927816 -0.38606259]
  [-0.57429922  0.31052595]
  [ 0.57973439 -0.11097568]
  [ 0.17473279  0.68215215]
  [-0.19703907 -0.68240452]
  [-0.03270531 -0.60520446]
  [ 0.69465417 -0.67969793]
  [-0.53283799  0.30016381]
  [ 0.17309128  0.49664816]]]

global_step_eval--- 2 

[[[ 0.10367791 -0.11576106]
  [-0.64828259 -0.38574716]
  [-0.57504296  0.31126976]
  [ 0.57973439 -0.11097568]
  [ 0.17540246  0.68148243]
  [-0.1962954  -0.68166059]
  [-0.03270531 -0.60520446]
  [ 0.69487154 -0.67947888]
  [-0.53283799  0.30016381]
  [ 0.17376095  0.49597842]]]

global_step_eval--- 1 

[[[ 0.38928789  0.51142186]
  [ 0.31283301 -0.40803105]
  [ 0.68167531  0.31763354]
  [ 0.42809397  0.67031926]
  [ 0.23810995  0.54594976]
  [-0.3908675   0.69523388]
  [-0.21832725  0.5102815 ]
  [-0.45988834 -0.44277483]
  [ 0.13528192  0.02647394]
  [-0.5842905  -0.22113928]]]

global_step_eval--- 2 

[[[ 0.38928789  0.51142186]
  [ 0.31283301 -0.40803105]
  [ 0.68264812  0.31666028]
  [ 0.42809397  0.67031926]
  [ 0.23810995  0.54594976]
  [-0.39157873  0.69455254]
  [-0.21832725  0.5102815 ]
  [-0.45924595 -0.44345599]
  [ 0.13602519  0.02573036]
  [-0.5842905  -0.22113928]]]

global_step_eval--- 3 

[[[ 0.38928789  0.51142186]
  [ 0.31347132 -0.40866953]
  [ 0.68340009  0.31590796]
  [ 0.42809397  0.67031926]
  [ 0.23810995  0.54594976]
  [-0.39105666  0.69506991]
  [-0.21832725  0.5102815 ]
  [-0.45874938 -0.44398254]
  [ 0.13659973  0.02515557]
  [-0.5842905  -0.22113928]]]

global_step_eval--- 4 

[[[ 0.38928789  0.51142186]
  [ 0.31425285 -0.40945122]
  [ 0.68401605  0.3152917 ]
  [ 0.42809397  0.67031926]
  [ 0.23810995  0.54594976]
  [-0.39034414  0.69577825]
  [-0.21832725  0.5102815 ]
  [-0.45805928 -0.44466406]
  [ 0.1373404   0.02441454]
  [-0.58371407 -0.22056739]]]

global_step_eval--- 5 

[[[ 0.38928789  0.51142186]
  [ 0.31510592 -0.41030446]
  [ 0.6847412   0.31456593]
  [ 0.42809397  0.67031926]
  [ 0.23810995  0.54594976]
  [-0.38974193  0.69637698]
  [-0.21832725  0.5102815 ]
  [-0.4575364  -0.44526091]
  [ 0.13796642  0.0237882 ]
  [-0.58387631 -0.22073022]]]

global_step_eval--- 6 

[[[ 0.38928789  0.51142186]
  [ 0.31600517 -0.41120392]
  [ 0.68555129  0.31375536]
  [ 0.42809397  0.67031926]
  [ 0.23810995  0.54594976]
  [-0.38922289  0.69689298]
  [-0.21832725  0.5102815 ]
  [-0.45708573 -0.44577533]
  [ 0.13870959  0.02304469]
  [-0.58441442 -0.22126798]]]

global_step_eval--- 7 

[[[ 0.38928789  0.51142186]
  [ 0.31679049 -0.41198942]
  [ 0.68625873  0.31304747]
  [ 0.42809397  0.67031926]
  [ 0.23810995  0.54594976]
  [-0.3887696   0.69734365]
  [-0.21832725  0.5102815 ]
  [-0.45701686 -0.44632706]
  [ 0.1393586   0.02239538]
  [-0.58488441 -0.22173762]]]

global_step_eval--- 8 

[[[ 0.38928789  0.51142186]
  [ 0.3174828  -0.41268188]
  [ 0.68703479  0.31227094]
  [ 0.42809397  0.67031926]
  [ 0.23810995  0.54594976]
  [-0.38837001  0.69774091]
  [-0.21832725  0.5102815 ]
  [-0.45695615 -0.44681343]
  [ 0.14009541  0.02165815]
  [-0.58529872 -0.22215164]]]

global_step_eval--- 9 

[[[ 0.38928789  0.51142186]
  [ 0.31823406 -0.41343373]
  [ 0.6877237   0.31158158]
  [ 0.42809397  0.67031926]
  [ 0.23810995  0.54594976]
  [-0.38882214  0.69728827]
  [-0.21832725  0.5102815 ]
  [-0.45690224 -0.44724521]
  [ 0.14074951  0.02100369]
  [-0.58588201 -0.22273415]]]

global_step_eval--- 10 

[[[ 0.38928789  0.51142186]
  [ 0.31905282 -0.41425306]
  [ 0.68833852  0.31096634]
  [ 0.42809397  0.67031926]
  [ 0.23810995  0.54594976]
  [-0.38922566  0.69688433]
  [-0.21832725  0.5102815 ]
  [-0.45724458 -0.44781029]
  [ 0.14133328  0.02041959]
  [-0.5864026  -0.22325404]]]

global_step_eval--- 11 

[[[ 0.38928789  0.51142186]
  [ 0.31978658 -0.41498733]
  [ 0.68888956  0.31041497]
  [ 0.42809397  0.67031926]
  [ 0.23810995  0.54594976]
  [-0.38958728  0.6965223 ]
  [-0.21832725  0.5102815 ]
  [-0.45706987 -0.44839051]
  [ 0.14203081  0.01972151]
  [-0.58686912 -0.22371995]]]

global_step_eval--- 12 

[[[ 0.38928789  0.51142186]
  [ 0.32059452 -0.41579577]
  [ 0.689385    0.30991921]
  [ 0.42809397  0.67031926]
  [ 0.23810995  0.54594976]
  [-0.39016458  0.69594479]
  [-0.21832725  0.5102815 ]
  [-0.45691282 -0.4489122 ]
  [ 0.14281751  0.01893435]
  [-0.58749318 -0.22434387]]]

global_step_eval--- 13 

[[[ 0.38928789  0.51142186]
  [ 0.32146078 -0.41666248]
  [ 0.69002008  0.30928352]
  [ 0.42809397  0.67031926]
  [ 0.23810995  0.54594976]
  [-0.39068502  0.6954242 ]
  [-0.21832725  0.5102815 ]
  [-0.45677122 -0.44938251]
  [ 0.14367115  0.01808033]
  [-0.58805579 -0.22490633]]]

global_step_eval--- 14 

[[[ 0.38928789  0.51142186]
  [ 0.32224339 -0.41744548]
  [ 0.69059384  0.30870923]
  [ 0.42809397  0.67031926]
  [ 0.23810995  0.54594976]
  [-0.39135557  0.69475335]
  [-0.21832725  0.5102815 ]
  [-0.45703217 -0.44989783]
  [ 0.14444235  0.0173088 ]
  [-0.58875018 -0.22560087]]]

global_step_eval--- 15 

[[[ 0.38928789  0.51142186]
  [ 0.32295161 -0.41815409]
  [ 0.69111305  0.30818951]
  [ 0.42809397  0.67031926]
  [ 0.23810995  0.54594976]
  [-0.39213032  0.69397825]
  [-0.21832725  0.5102815 ]
  [-0.45752966 -0.45046744]
  [ 0.14528547  0.01646535]
  [-0.5893786  -0.22622941]]]

global_step_eval--- 16 

[[[ 0.38928789  0.51142186]
  [ 0.32374489 -0.41894779]
  [ 0.69158363  0.30771852]
  [ 0.42809397  0.67031926]
  [ 0.23810995  0.54594976]
  [-0.39283243  0.69327581]
  [-0.21832725  0.5102815 ]
  [-0.45818454 -0.45109537]
  [ 0.14619     0.01556051]
  [-0.59012377 -0.22697508]]]

global_step_eval--- 17 

[[[ 0.38928789  0.51142186]
  [ 0.32446465 -0.41966793]
  [ 0.69222611  0.30707565]
  [ 0.42809397  0.67031926]
  [ 0.23810995  0.54594976]
  [-0.39346945  0.69263852]
  [-0.21832725  0.5102815 ]
  [-0.45833576 -0.45176545]
  [ 0.14714491  0.01460532]
  [-0.59079987 -0.22765163]]]

global_step_eval--- 18 

[[[ 0.38928789  0.51142186]
  [ 0.32511827 -0.42032191]
  [ 0.69299108  0.30631042]
  [ 0.42809397  0.67031926]
  [ 0.23810995  0.54594976]
  [-0.39422712  0.69188035]
  [-0.21832725  0.5102815 ]
  [-0.45872164 -0.45243606]
  [ 0.14814302  0.01360695]
  [-0.59158456 -0.22843684]]]

global_step_eval--- 19 

[[[ 0.38928789  0.51142186]
  [ 0.32571232 -0.42091629]
  [ 0.69368631  0.30561495]
  [ 0.42809397  0.67031926]
  [ 0.23810995  0.54594976]
  [-0.39507696  0.69103003]
  [-0.21832725  0.5102815 ]
  [-0.45907235 -0.45304555]
  [ 0.14905015  0.01269959]
  [-0.59245396 -0.22930665]]]

global_step_eval--- 20 

[[[ 0.38928789  0.51142186]
  [ 0.32644469 -0.42164913]
  [ 0.69431853  0.30498248]
  [ 0.42809397  0.67031926]
  [ 0.23810995  0.54594976]
  [-0.39600039  0.69010615]
  [-0.21832725  0.5102815 ]
  [-0.45886019 -0.45379537]
  [ 0.1500178   0.01173169]
  [-0.59339201 -0.2302451 ]]]

global_step_eval--- 21 

[[[ 0.38928789  0.51142186]
  [ 0.32728285 -0.42248771]
  [ 0.69508833  0.30421245]
  [ 0.42809397  0.67031926]
  [ 0.23810995  0.54594976]
  [-0.39684057  0.68926555]
  [-0.21832725  0.5102815 ]
  [-0.45837602 -0.45464805]
  [ 0.15103605  0.01071321]
  [-0.59438664 -0.23124018]]]

global_step_eval--- 22 

[[[ 0.38928789  0.51142186]
  [ 0.32804576 -0.423251  ]
  [ 0.69595891  0.30334166]
  [ 0.42809397  0.67031926]
  [ 0.23810995  0.54594976]
  [-0.39760536  0.6885004 ]
  [-0.21884477  0.50976402]
  [-0.4577744  -0.45556802]
  [ 0.15196291  0.00978616]
  [-0.59529197 -0.23214594]]]

global_step_eval--- 23 

[[[ 0.38928789  0.51142186]
  [ 0.32874039 -0.42394599]
  [ 0.69690847  0.30239189]
  [ 0.42809397  0.67031926]
  [ 0.23810995  0.54594976]
  [-0.39830169  0.68780375]
  [-0.21954893  0.50905991]
  [-0.45706365 -0.45655099]
  [ 0.15280682  0.00894206]
  [-0.59626722 -0.2331218 ]]]

global_step_eval--- 24 

[[[ 0.38928789  0.51142186]
  [ 0.3295626  -0.42476857]
  [ 0.69792241  0.3013778 ]
  [ 0.42809397  0.67031926]
  [ 0.23810995  0.54594976]
  [-0.39893585  0.68716931]
  [-0.22019021  0.50841868]
  [-0.45641634 -0.45744622]
  [ 0.15357539  0.00817332]
  [-0.59730029 -0.23415554]]]

global_step_eval--- 25 

[[[ 0.38928789  0.51142186]
  [ 0.33031154 -0.42551786]
  [ 0.69898981  0.30031028]
  [ 0.42809397  0.67031926]
  [ 0.23810995  0.54594976]
  [-0.39951351  0.68659139]
  [-0.22077435  0.50783455]
  [-0.45613241 -0.45831195]
  [ 0.15445606  0.00729243]
  [-0.59824127 -0.23509715]]]

global_step_eval--- 26 

[[[ 0.38928789  0.51142186]
  [ 0.33099383 -0.42620045]
  [ 0.70010293  0.29919708]
  [ 0.42809397  0.67031926]
  [ 0.23810995  0.54594976]
  [-0.40003976  0.6860649 ]
  [-0.22130652  0.5073024 ]
  [-0.45557997 -0.4592678 ]
  [ 0.15525836  0.00648992]
  [-0.59925443 -0.23611096]]]

global_step_eval--- 27 

[[[ 0.38928789  0.51142186]
  [ 0.33182165 -0.4270286 ]
  [ 0.70111704  0.29818285]
  [ 0.42809397  0.67031926]
  [ 0.23810995  0.54594976]
  [-0.40076783  0.68533659]
  [-0.22203784  0.50657117]
  [-0.45492119 -0.4602932 ]
  [ 0.1561715   0.00557672]
  [-0.60032797 -0.237185  ]]]

global_step_eval--- 28 

[[[ 0.38928789  0.51142186]
  [ 0.33257592 -0.42778313]
  [ 0.70204103  0.29725876]
  [ 0.42809397  0.67031926]
  [ 0.23810995  0.54594976]
  [-0.4014312   0.68467301]
  [-0.22270416  0.50590491]
  [-0.45415321 -0.46137485]
  [ 0.15700348  0.00474469]
  [-0.60130608 -0.23816358]]]

global_step_eval--- 29 

[[[ 0.38928789  0.51142186]
  [ 0.33326313 -0.42847061]
  [ 0.70288289  0.29641679]
  [ 0.42809397  0.67031926]
  [ 0.23810995  0.54594976]
  [-0.40225548  0.68384844]
  [-0.22353089  0.50507826]
  [-0.45374256 -0.46240413]
  [ 0.15776153  0.0039866 ]
  [-0.60235876 -0.23921669]]]

global_step_eval--- 30 

[[[ 0.38928789  0.51142186]
  [ 0.3341074  -0.42931515]
  [ 0.70364994  0.29564968]
  [ 0.42809397  0.67031926]
  [ 0.23810995  0.54594976]
  [-0.40319675  0.68290704]
  [-0.2244736   0.50413567]
  [-0.45361888 -0.4633877 ]
  [ 0.1584522   0.00329589]
  [-0.60347331 -0.24033155]]]

global_step_eval--- 31 

[[[ 0.38928789  0.51142186]
  [ 0.3348766  -0.43008459]
  [ 0.7045545   0.29474512]
  [ 0.42809397  0.67031926]
  [ 0.23810995  0.54594976]
  [-0.40405434  0.68204933]
  [-0.22533247  0.50327688]
  [-0.45375738 -0.46433777]
  [ 0.15908144  0.00266661]
  [-0.60448873 -0.24134727]]]

global_step_eval--- 32 

[[[ 0.38928789  0.51142186]
  [ 0.33578688 -0.43099505]
  [ 0.70537853  0.29392105]
  [ 0.42809397  0.67031926]
  [ 0.23810995  0.54594976]
  [-0.4050276   0.68107617]
  [-0.22630627  0.50230336]
  [-0.45388356 -0.46520332]
  [ 0.15965469  0.00209332]
  [-0.60558116 -0.24243984]]]

global_step_eval--- 33 

[[[ 0.38928789  0.51142186]
  [ 0.3366161  -0.43182442]
  [ 0.70612919  0.29317036]
  [ 0.42809397  0.67031926]
  [ 0.23810995  0.54594976]
  [-0.4060874   0.68001699]
  [-0.22736573  0.50124466]
  [-0.45421407 -0.46604621]
  [ 0.16043337  0.00131503]
  [-0.6067344  -0.24359271]]]

global_step_eval--- 34 

[[[  3.89287889e-01   5.11421859e-01]
  [  3.37577313e-01  -4.32785720e-01]
  [  7.07026958e-01   2.92272925e-01]
  [  4.28093970e-01   6.70319259e-01]
  [  2.38109946e-01   5.45949757e-01]
  [ -4.07218844e-01   6.78886592e-01]
  [ -2.28496328e-01   5.00115216e-01]
  [ -4.54515129e-01  -4.66813982e-01]
  [  1.61142617e-01   6.06114860e-04]
  [ -6.07784808e-01  -2.44642809e-01]]]

global_step_eval--- 35 

[[[  3.89287889e-01   5.11421859e-01]
  [  3.38452756e-01  -4.33661252e-01]
  [  7.07844615e-01   2.91455597e-01]
  [  4.28093970e-01   6.70319259e-01]
  [  2.38109946e-01   5.45949757e-01]
  [ -4.08249319e-01   6.77857041e-01]
  [ -2.29688928e-01   4.98923600e-01]
  [ -4.54315364e-01  -4.67734009e-01]
  [  1.61788583e-01  -3.95387760e-05]
  [ -6.08741522e-01  -2.45599195e-01]]]

global_step_eval--- 36 

[[[  3.89287889e-01   5.11421859e-01]
  [  3.39249998e-01  -4.34458554e-01]
  [  7.08805501e-01   2.90495038e-01]
  [  4.28093970e-01   6.70319259e-01]
  [  2.38109946e-01   5.45949757e-01]
  [ -4.09187734e-01   6.76919520e-01]
  [ -2.30933368e-01   4.97680396e-01]
  [ -4.53817397e-01  -4.68766838e-01]
  [  1.62376836e-01  -6.27508736e-04]
  [ -6.09612763e-01  -2.46470138e-01]]]

global_step_eval--- 37 

[[[ 0.38928789  0.51142186]
  [ 0.33997592 -0.43518454]
  [ 0.70987231  0.28942862]
  [ 0.42809397  0.67031926]
  [ 0.23810995  0.54594976]
  [-0.41023803  0.67587143]
  [-0.23206648  0.49654841]
  [-0.45318636 -0.4698796 ]
  [ 0.16318908 -0.00143932]
  [-0.61040604 -0.24726318]]]

global_step_eval--- 38 

[[[ 0.38928789  0.51142186]
  [ 0.34063682 -0.43584549]
  [ 0.711025    0.28827628]
  [ 0.42809397  0.67031926]
  [ 0.23810995  0.54594976]
  [-0.41119424  0.67491722]
  [-0.23326877  0.49534839]
  [-0.45287058 -0.47094154]
  [ 0.16392858 -0.00217842]
  [-0.61135834 -0.24821381]]]

global_step_eval--- 39 

[[[ 0.38928789  0.51142186]
  [ 0.34150714 -0.43671587]
  [ 0.71207428  0.2872273 ]
  [ 0.42809397  0.67031926]
  [ 0.23810995  0.54594976]
  [-0.41206467  0.6740486 ]
  [-0.23436321  0.49425602]
  [-0.45280549 -0.47195631]
  [ 0.16460174 -0.00285122]
  [-0.61242563 -0.24927798]]]

global_step_eval--- 40 

[[[ 0.38928789  0.51142186]
  [ 0.34229928 -0.43750808]
  [ 0.71321684  0.28608513]
  [ 0.42809397  0.67031926]
  [ 0.23810995  0.54594976]
  [-0.41307291  0.67304486]
  [-0.23535934  0.49326178]
  [-0.45296639 -0.47293299]
  [ 0.16547903 -0.00372799]
  [-0.61358452 -0.25043324]]]

global_step_eval--- 41 

[[[ 0.38928789  0.51142186]
  [ 0.34302017 -0.43822899]
  [ 0.71425664  0.28504571]
  [ 0.42809397  0.67031926]
  [ 0.23810995  0.54594976]
  [-0.41399047  0.67213142]
  [-0.23626587  0.49235699]
  [-0.45332682 -0.47387952]
  [ 0.16650188 -0.0047503 ]
  [-0.61463916 -0.25148457]]]

global_step_eval--- 42 

[[[ 0.38928789  0.51142186]
  [ 0.34367612 -0.43888497]
  [ 0.71520275  0.28409994]
  [ 0.42809397  0.67031926]
  [ 0.23810995  0.54594976]
  [-0.41504318  0.67108411]
  [-0.23730443  0.4913232 ]
  [-0.45336595 -0.47494021]
  [ 0.16743258 -0.00568051]
  [-0.6155988  -0.2524412 ]]]

global_step_eval--- 43 

[[[ 0.38928789  0.51142186]
  [ 0.34455308 -0.43976158]
  [ 0.7160635   0.28323948]
  [ 0.42809397  0.67031926]
  [ 0.23810995  0.54594976]
  [-0.4160009   0.67013133]
  [-0.23841323  0.49022245]
  [-0.45340157 -0.47590521]
  [ 0.16847205 -0.00671913]
  [-0.61647189 -0.25331151]]]

global_step_eval--- 44 

[[[ 0.38928789  0.51142186]
  [ 0.3453508  -0.44055897]
  [ 0.7170791   0.28222454]
  [ 0.42809397  0.67031926]
  [ 0.23810995  0.54594976]
  [-0.41687208  0.66926461]
  [-0.23942184  0.48922116]
  [-0.45308509 -0.47696975]
  [ 0.16962436 -0.00787064]
  [-0.61750025 -0.25433552]]]
