1.502087
1.338537
1.253644
1.194073
1.167049
1.138994
1.480222
1.307274
1.245271
1.211672
1.177844
1.139091
1.528321
1.332766
1.250484
1.197006
1.185733
1.152174
1.122369
1.110453
1.106245
1.086381
1.080493
1.070183
1.521554
1.342252
1.242515
76322640.000000
2120349056.000000
180477920.000000
265294640.000000
252257184.000000
76480032.000000
198556560.000000
415447424.000000
107005872.000000
186673600.000000
120177200.000000
132964312.000000
308082112.000000
825647808.000000
211151888.000000
312778848.000000
17270226.000000
225687232.000000
45140844.000000
142067472.000000
169953504.000000
197470912.000000
314570464.000000
662553024.000000
219792144.000000
185941040.000000
61428880.000000
235309600.000000
318409600.000000
966751872.000000
472101952.000000
742545152.000000
890424896.000000
264204352.000000
274756960.000000
123228984.000000
45140716.000000
515464032.000000
158943040.000000
306976288.000000
240696912.000000
561381888.000000
513852672.000000
196008176.000000
144108256.000000
